INFO: 2022-07-17 12:40:25,496: Data
INFO: 2022-07-17 12:41:40,511: Data
INFO: 2022-07-17 12:41:46,182: Data shape (110527, 14)
INFO: 2022-07-17 12:43:40,168: Data
INFO: 2022-07-17 12:43:40,224: Data shape (110527, 14)
INFO: 2022-07-17 12:43:40,304: Percentage of women: 0.653882342398853
INFO: 2022-07-17 12:43:40,420: Percentage of men: 0.346117657601147
ERROR: 2022-07-17 12:43:40,544: Data shape is incorrect!
